0.000335463
0.000393354
0.000460499
0.000538243
0.000628107
0.000731803
0.000851254
0.00098862
0.00114632
0.00132705
0.00153381
0.00176996
0.0020392
0.00234563
0.00269381
0.00308871
0.00353585
0.00404126
0.00461151
0.00525382
0.00597603
0.00678664
0.00769488
0.00871073
0.00984492
0.011109
0.0125153
0.0140772
0.0158086
0.0177246
0.0198411
0.0221748
0.0247433
0.0275652
0.0306599
0.0340474
0.0377488
0.0417857
0.0461803
0.0509556
0.0561347
0.0617413
0.0677994
0.0743329
0.0813657
0.0889215
0.0970235
0.105695
0.114956
0.12483
0.135335
0.14649
0.15831
0.17081
0.184003
0.197898
0.212502
0.227819
0.24385
0.260591
0.278037
0.296176
0.314994
0.334472
0.354587
0.37531
0.39661
0.418448
0.440783
0.463568
0.486751
0.510277
0.534084
0.558109
0.582281
0.60653
0.630778
0.654947
0.678954
0.702717
0.726148
0.749161
0.771668
0.79358
0.814809
0.835269
0.854874
0.87354
0.891187
0.907737
0.923115
0.937254
0.950088
0.961558
0.97161
0.980198
0.987281
0.992826
0.996805
0.9992
1
0.9992
0.996805
0.992826
0.987282
0.980199
0.971611
0.961559
0.950089
0.937256
0.923117
0.907739
0.891189
0.873542
0.854876
0.835272
0.814812
0.793582
0.77167
0.749164
0.726151
0.70272
0.678957
0.65495
0.630781
0.606533
0.582284
0.558112
0.534087
0.51028
0.486754
0.463571
0.440786
0.418451
0.396613
0.375313
0.354589
0.334475
0.314996
0.296178
0.278039
0.260594
0.243852
0.227821
0.212504
0.1979
0.184005
0.170812
0.158311
0.146491
0.135336
0.124831
0.114958
0.105696
0.0970246
0.0889225
0.0813666
0.0743338
0.0678003
0.0617421
0.0561354
0.0509562
0.0461809
0.0417862
0.0377493
0.0340479
0.0306603
0.0275656
0.0247436
0.0221751
0.0198414
0.0177249
0.0158089
0.0140774
0.0125155
0.0111092
0.00984508
0.00871087
0.00769501
0.00678675
0.00597613
0.00525391
0.00461159
0.00404133
0.00353592
0.00308877
0.00269386
0.00234568
0.00203924
0.00176999
0.00153384
0.00132707
0.00114634
0.000988642
0.000851273
0.000731819
0.000628122
0.000538256
0.00046051
0.000393364
