0.000334534
0.000392092
0.00045879
0.000535936
0.000625004
0.000727642
0.000845696
0.000981221
0.0011365
0.00131407
0.00151671
0.00174751
0.00200984
0.00230738
0.00264413
0.00302445
0.00345303
0.00393491
0.00447548
0.00508047
0.00575598
0.0065084
0.00734445
0.0082711
0.00929559
0.0104254
0.011668
0.0130312
0.0145228
0.0161504
0.0179218
0.0198444
0.0219257
0.0241725
0.0265917
0.0291895
0.031972
0.0349442
0.0381112
0.0414772
0.0450458
0.0488199
0.0528023
0.0569959
0.0613947
0.0660217
0.0708241
0.0759109
0.0810567
0.0867643
0.0917852
0.0992375
0.10179
0.115092
0.110224
0.128352
-1.54956e+21
-inf
nan
nan
nan
nan
nan
nan
nan
nan
nan
nan
nan
nan
nan
nan
nan
nan
nan
nan
nan
nan
nan
nan
nan
nan
nan
nan
nan
nan
nan
nan
nan
nan
nan
nan
nan
nan
nan
nan
nan
nan
nan
nan
nan
nan
nan
nan
nan
nan
nan
nan
nan
nan
nan
nan
nan
nan
nan
nan
nan
nan
nan
nan
nan
nan
nan
nan
nan
nan
nan
nan
nan
nan
nan
nan
nan
nan
nan
nan
nan
nan
nan
nan
nan
nan
nan
nan
inf
2.21208e+13
6.39567e+07
16.5266
2.16859
0.761496
0.485143
0.352496
0.275962
0.22484
0.187293
0.158704
0.135882
0.117319
0.101885
0.088894
0.0778253
0.0683209
0.0600993
0.0529496
0.0467048
0.0412299
0.0364167
0.0321751
0.0284306
0.02512
0.0221899
0.0195945
0.0172945
0.0152555
0.0134477
0.0118452
0.0104248
0.00916637
0.00805202
0.00706584
0.00619372
0.0054231
0.00474278
0.00414277
0.00361413
0.0031489
0.00273994
0.0023809
0.00206607
0.00179038
0.00154928
0.00133873
0.00115511
0.000995221
0.000856193
0.000735487
0.000630848
0.000540167
0.000470725
0
